[array([0.431257, 0.895431]), array([0.821456, 0.390248]), array([0.19432 , 0.682014, 0.011249]), array([0.129382, 0.503612, 0.777124, 0.041672]), array([0.964301, 0.306598, 0.758164, 0.118309]), array([0.338127, 0.072341, 0.600298, 0.901134, 0.244792]), array([0.120936, 0.893025, 0.516204, 0.032114, 0.74219 , 0.28831 ]), array([0.024893, 0.310587, 0.498236, 0.865901, 0.702134, 0.139804,
       0.603781, 0.003172])]
[array([0.431257, 0.895431]), array([0.821456, 0.390248]), array([0.19432 , 0.682014, 0.011249]), array([0.129382, 0.503612, 0.777124, 0.041672]), array([0.964301, 0.306598, 0.758164, 0.118309]), array([0.338127, 0.072341, 0.600298, 0.901134, 0.244792]), array([0.120936, 0.893025, 0.516204, 0.032114, 0.74219 , 0.28831 ]), array([0.024893, 0.310587, 0.498236, 0.865901, 0.702134, 0.139804,
       0.603781, 0.003172])]
[array([0.557814, 0.91103 ]), array([0.423839, 0.177067]), array([0.939684, 0.438755, 0.426575]), array([0.439915, 0.427314, 0.95773 , 0.471256]), array([0.297493, 0.25993 , 0.547059, 0.410727]), array([0.848123, 0.282866, 0.002497, 0.54845 , 0.964839]), array([0.24578 , 0.13368 , 0.704378, 0.80709 , 0.748982, 0.40143 ]), array([0.389062, 0.327444, 0.27934 , 0.140607, 0.299915, 0.755358,
       0.371289, 0.294771])]
[array([0.133537, 0.699644]), array([0.822856, 0.679011]), array([0.985529, 0.430667, 0.938709]), array([0.213956, 0.784204, 0.166743, 0.585874]), array([0.633336, 0.395855, 0.633375, 0.373437]), array([0.083017, 0.044296, 0.817935, 0.594212, 0.397858]), array([0.176778, 0.48643 , 0.621865, 0.992203, 0.327921, 0.693043]), array([0.522284, 0.209042, 0.667114, 0.163109, 0.694831, 0.388649,
       0.230998, 0.883011])]
[array([0.823708, 0.56833 ]), array([0.901716, 0.98795 ]), array([0.574501, 0.606036, 0.321735]), array([0.71296 , 0.657848, 0.307554, 0.80028 ]), array([0.634456, 0.001361, 0.011562, 0.523159]), array([0.922223, 0.559984, 0.045597, 0.716207, 0.100808]), array([0.511553, 0.081031, 0.904552, 0.806204, 0.709692, 0.849781]), array([0.705952, 0.816127, 0.73681 , 0.763013, 0.613447, 0.471451,
       0.398409, 0.044822])]
[array([0.823708, 0.56833 ]), array([0.901716, 0.98795 ]), array([0.574501, 0.606036, 0.321735]), array([0.71296 , 0.657848, 0.307554, 0.80028 ]), array([0.634456, 0.001361, 0.011562, 0.523159]), array([0.922223, 0.559984, 0.045597, 0.716207, 0.100808]), array([0.511553, 0.081031, 0.904552, 0.806204, 0.709692, 0.849781]), array([0.705952, 0.816127, 0.73681 , 0.763013, 0.613447, 0.471451,
       0.398409, 0.044822])]
[array([0.992329, 0.790987]), array([0.661856, 0.017207]), array([0.001098, 0.383837, 0.927132]), array([0.07062 , 0.775242, 0.375988, 0.967118]), array([0.771329, 0.066074, 0.887295, 0.906569]), array([0.443505, 0.241066, 0.320057, 0.706493, 0.067238]), array([0.755646, 0.297358, 0.652952, 0.045009, 0.298764, 0.100271]), array([0.639219, 0.610403, 0.124739, 0.423091, 0.206469, 0.300661,
       0.05913 , 0.46495 ])]
[array([0.545901, 0.535446]), array([0.617348, 0.403533]), array([0.224722, 0.045525, 0.374123]), array([0.930023, 0.532251, 0.38202 , 0.846383]), array([0.832256, 0.489961, 0.719711, 0.330028]), array([0.7476  , 0.010723, 0.926232, 0.938989, 0.573528]), array([0.375212, 0.200325, 0.132124, 0.716558, 0.865927, 0.660577]), array([0.758938, 0.741901, 0.672241, 0.651294, 0.790356, 0.903796,
       0.599204, 0.309912])]
[array([0.923524, 0.138957]), array([0.099846, 0.644124]), array([0.572103, 0.746531, 0.351121]), array([0.860057, 0.083899, 0.923419, 0.748504]), array([0.693229, 0.532541, 0.188885, 0.687351]), array([0.404195, 0.083744, 0.651384, 0.106495, 0.568817]), array([0.937831, 0.13176 , 0.185341, 0.771431, 0.789753, 0.104635]), array([0.747163, 0.490534, 0.715643, 0.267306, 0.473756, 0.445147,
       0.034505, 0.705667])]
[array([0.175246, 0.916693]), array([0.619987, 0.132171]), array([0.904864, 0.966529, 0.409271]), array([0.186043, 0.262422, 0.098458, 0.430138]), array([0.826697, 0.685933, 0.697775, 0.346034]), array([0.366197, 0.514944, 0.142094, 0.892696, 0.364915]), array([0.778837, 0.912607, 0.019589, 0.555925, 0.392829, 0.073081]), array([0.514222, 0.423956, 0.089862, 0.515431, 0.407071, 0.461175,
       0.895981, 0.802267])]
[array([0.175246, 0.916693]), array([0.619987, 0.132171]), array([0.904864, 0.966529, 0.409271]), array([0.186043, 0.262422, 0.098458, 0.430138]), array([0.826697, 0.685933, 0.697775, 0.346034]), array([0.366197, 0.514944, 0.142094, 0.892696, 0.364915]), array([0.778837, 0.912607, 0.019589, 0.555925, 0.392829, 0.073081]), array([0.514222, 0.423956, 0.089862, 0.515431, 0.407071, 0.461175,
       0.895981, 0.802267])]
[array([0.667593, 0.32675 ]), array([0.757665, 0.674401]), array([0.112581, 0.065459, 0.756806]), array([0.332567, 0.311636, 0.5995  , 0.519753]), array([0.29528 , 0.666747, 0.122418, 0.326388]), array([0.618649, 0.037031, 0.483657, 0.423562, 0.82733 ]), array([0.490832, 0.421541, 0.325504, 0.066338, 0.602129, 0.860715]), array([0.593202, 0.031915, 0.986657, 0.279565, 0.427892, 0.760841,
       0.063385, 0.275468])]
[array([0.175246, 0.916693]), array([0.619987, 0.132171]), array([0.904864, 0.966529, 0.409271]), array([0.186043, 0.262422, 0.098458, 0.430138]), array([0.826697, 0.685933, 0.697775, 0.346034]), array([0.366197, 0.514944, 0.142094, 0.892696, 0.364915]), array([0.778837, 0.912607, 0.019589, 0.555925, 0.392829, 0.073081]), array([0.514222, 0.423956, 0.089862, 0.515431, 0.407071, 0.461175,
       0.895981, 0.802267])]
[array([0.184855, 0.696879]), array([0.988468, 0.263315]), array([0.949157, 0.133989, 0.203801]), array([0.019673, 0.538767, 0.901716, 0.78347 ]), array([0.016292, 0.349559, 0.114468, 0.361519]), array([0.312122, 0.28103 , 0.393731, 0.437985, 0.613658]), array([0.172235, 0.299336, 0.527322, 0.894866, 0.531294, 0.361306]), array([0.037278, 0.17048 , 0.747238, 0.435729, 0.903917, 0.150161,
       0.048448, 0.3772  ])]
[array([0.945255, 0.211752]), array([0.63385 , 0.763299]), array([0.147892, 0.160426, 0.546949]), array([0.293691, 0.207006, 0.43979 , 0.793369]), array([0.552704, 0.013232, 0.533923, 0.775681]), array([0.810386, 0.996257, 0.66008 , 0.644011, 0.324107]), array([0.171988, 0.400927, 0.500076, 0.613444, 0.504336, 0.176286]), array([0.228579, 0.051507, 0.211601, 0.101928, 0.946413, 0.817743,
       0.844877, 0.704667])]
[array([0.158145, 0.887674]), array([0.483927, 0.58374 ]), array([0.938648, 0.911776, 0.550462]), array([0.870819, 0.985621, 0.294808, 0.715273]), array([0.962888, 0.184125, 0.197245, 0.105774]), array([0.218901, 0.666904, 0.736373, 0.947846, 0.025843]), array([0.549436, 0.164407, 0.685763, 0.445995, 0.38713 , 0.916653]), array([0.858827, 0.081518, 0.081935, 0.076932, 0.356409, 0.329498,
       0.279743, 0.413088])]